950010
950020
950030
950000
950040
950050
950060
950070
950530
950080
950090
950230
950100
950110
950120
950130
950140
950150
951350
950160
950170
950180
950190
950200
950210
950220
950240
950250
950260
950270
950280
950290

950300
950350
950310
950320
950330
950340
950360
950370
950380
950390
950400
950810
950410
951520
950430
950440
950450
950460
950470
950480
950490
950500
950510
950520
950540
950550
950560
950570
950580
950590
950600
950610
950620
950630
950640
950650
950660
951650
950670
950680
950690
950700
950710
950720
950730
950740
950750
950760
950770
950780
950790
950800
950820
950830
950840
950850
950860
950870
950880
950890
950900
950910
950920
950930
950940
950950
950960
